1	0.025	0.0436822	0.000216051
2	0.075	0.167677	0.000401941
3	0.125	0.216769	0.000457504
4	0.175	0.258288	0.000498874
5	0.225	0.320821	0.000560674
6	0.275	0.353538	0.000589265
7	0.325	0.378017	0.000611132
8	0.375	0.395888	0.000624408
9	0.425	0.418622	0.000643909
10	0.475	0.436536	0.000657832
11	0.525	0.446456	0.000666201
12	0.575	0.447166	0.000666737
13	0.625	0.441397	0.000661444
14	0.675	0.43686	0.000657172
15	0.725	0.432357	0.000654455
16	0.775	0.422264	0.000648371
17	0.825	0.406466	0.000635006
18	0.875	0.389528	0.000621341
19	0.925	0.372596	0.000608455
20	0.975	0.352736	0.000591057
21	1.025	0.33446	0.000576892
22	1.075	0.313314	0.000557769
23	1.125	0.291559	0.00053736
24	1.175	0.270903	0.000517024
25	1.225	0.251176	0.000499862
26	1.275	0.228638	0.000475962
27	1.325	0.208106	0.000454398
28	1.375	0.186452	0.000429462
29	1.425	0.164936	0.000403169
30	1.475	0.143754	0.000376653
31	1.525	0.125236	0.000351781
32	1.575	0.108132	0.000326679
33	1.625	0.0918977	0.00030107
34	1.675	0.0774706	0.000275251
35	1.725	0.0654725	0.000254055
36	1.775	0.0542313	0.000230009
37	1.825	0.0449941	0.000210782
38	1.875	0.0363862	0.000188843
39	1.925	0.0296785	0.00016923
40	1.975	0.0239819	0.00015287
41	2.025	0.0191418	0.000136197
42	2.075	0.0156509	0.000122644
43	2.125	0.0128914	0.000111975
44	2.175	0.010223	9.75585e-005
45	2.225	0.00878794	9.18468e-005
46	2.275	0.00756298	8.58048e-005
47	2.325	0.00655095	7.84626e-005
48	2.375	0.00571417	7.34172e-005
49	2.425	0.00519159	7.06538e-005
50	2.475	0.00470733	6.56512e-005
51	2.525	0.00434985	6.41269e-005
52	2.575	0.0040858	6.16484e-005
53	2.625	0.00392505	6.09114e-005
54	2.675	0.00380394	6.00527e-005
55	2.725	0.00364637	5.90621e-005
56	2.775	0.00339483	5.57869e-005
57	2.825	0.00334745	5.58233e-005
58	2.875	0.00324522	5.54491e-005
59	2.925	0.00318319	5.44196e-005
60	2.975	0.00296253	5.20321e-005
61	3.025	0.00284233	5.12933e-005
62	3.075	0.00274995	4.95741e-005
63	3.125	0.00281892	5.17437e-005
64	3.175	0.00263431	4.93549e-005
65	3.225	0.00255258	4.77061e-005
66	3.275	0.00249241	4.69852e-005
67	3.325	0.00236807	4.6685e-005
68	3.375	0.0023574	4.76237e-005
69	3.425	0.00226289	4.636e-005
70	3.475	0.0022019	4.42603e-005
71	3.525	0.0021669	4.47693e-005
72	3.575	0.0020269	4.33589e-005
73	3.625	0.00196859	4.27449e-005
74	3.675	0.00186934	4.2215e-005
75	3.725	0.00182803	4.19346e-005
76	3.775	0.00177889	4.05685e-005
77	3.825	0.00161271	3.80204e-005
78	3.875	0.00155102	3.74597e-005
79	3.925	0.00147929	3.6134e-005
80	3.975	0.0014591	3.66512e-005
81	4.025	0.0013787	3.59111e-005
82	4.075	0.00136188	3.53765e-005
83	4.125	0.00123601	3.27287e-005
84	4.175	0.00118874	3.30333e-005
85	4.225	0.00110503	3.10223e-005
86	4.275	0.00106181	3.14895e-005
87	4.325	0.0010518	3.21696e-005
88	4.375	0.00100959	3.07635e-005
89	4.425	0.000967371	3.05909e-005
90	4.475	0.000936372	2.90636e-005
91	4.525	0.000812493	2.64444e-005
92	4.575	0.000817807	2.80341e-005
93	4.625	0.000767496	2.69172e-005
94	4.675	0.000707402	2.54435e-005
95	4.725	0.00068818	2.58634e-005
96	4.775	0.000637134	2.31417e-005
97	4.825	0.00059695	2.41106e-005
98	4.875	0.000567978	2.32653e-005
99	4.925	0.000539089	2.28419e-005
100	4.975	0.000482118	2.1454e-005
101	5.025	0.000465244	2.13244e-005
102	5.075	0.000437896	2.03288e-005
103	5.125	0.000411638	1.9805e-005
104	5.175	0.000395334	1.84727e-005
105	5.225	0.000366682	1.81313e-005
106	5.275	0.000353719	1.85399e-005
107	5.325	0.000310969	1.7041e-005
108	5.375	0.000297224	1.73051e-005
109	5.425	0.000285515	1.75722e-005
110	5.475	0.000302133	1.68897e-005
111	5.525	0.000246698	1.44866e-005
112	5.575	0.000258333	1.47921e-005
113	5.625	0.000259816	1.59303e-005
114	5.675	0.000193199	1.41281e-005
115	5.725	0.000171739	1.18794e-005
116	5.775	0.000169287	1.30998e-005
117	5.825	0.000152559	1.14028e-005
118	5.875	0.000137733	1.18542e-005
119	5.925	0.000125555	1.123e-005
120	5.975	0.000113214	1.14363e-005
121	6.025	0.000105963	9.92432e-006
122	6.075	8.96611e-005	1.02178e-005
123	6.125	8.59849e-005	9.27199e-006
124	6.175	7.18581e-005	8.08467e-006
125	6.225	5.84654e-005	6.89021e-006
126	6.275	4.84896e-005	6.7899e-006
127	6.325	4.53411e-005	6.47729e-006
128	6.375	3.4737e-005	5.06692e-006
129	6.425	2.67835e-005	4.66241e-006
130	6.475	2.45604e-005	6.1401e-006
131	6.525	1.81968e-005	3.97087e-006
132	6.575	1.43975e-005	4.79916e-006
133	6.625	1.09981e-005	3.31604e-006
134	6.675	7.29872e-006	2.75866e-006
135	6.725	3.3994e-006	2.40374e-006
136	6.775	0	0
137	6.825	0	0
138	6.875	0	0
139	6.925	0	0
140	6.975	0	0
141	7.025	0	0
142	7.075	0	0
143	7.125	0	0
144	7.175	0	0
145	7.225	0	0
146	7.275	0	0
147	7.325	0	0
148	7.375	0	0
149	7.425	0	0
150	7.475	0	0
151	7.525	0	0
152	7.575	0	0
153	7.625	0	0
154	7.675	0	0
155	7.725	0	0
156	7.775	0	0
157	7.825	0	0
158	7.875	0	0
159	7.925	0	0
160	7.975	0	0
161	8.025	0	0
162	8.075	0	0
163	8.125	0	0
164	8.175	0	0
165	8.225	0	0
166	8.275	0	0
167	8.325	0	0
168	8.375	0	0
169	8.425	0	0
170	8.475	0	0
171	8.525	0	0
172	8.575	0	0
173	8.625	0	0
174	8.675	0	0
175	8.725	0	0
176	8.775	0	0
177	8.825	0	0
178	8.875	0	0
179	8.925	0	0
180	8.975	0	0
181	9.025	0	0
182	9.075	0	0
183	9.125	0	0
184	9.175	0	0
185	9.225	0	0
186	9.275	0	0
187	9.325	0	0
188	9.375	0	0
189	9.425	0	0
190	9.475	0	0
191	9.525	0	0
192	9.575	0	0
193	9.625	0	0
194	9.675	0	0
195	9.725	0	0
196	9.775	0	0
197	9.825	0	0
198	9.875	0	0
199	9.925	0	0
200	9.975	0	0
